100
11742
19559
11688
383
4441
19048
7884
4391
10395
12252
17414
7530
1684
18531
17589
7128
19624
1792
10113
15234
18455
8227
2090
6293
9506
4762
10271
16664
8819
3619
16964
13610
5931
6033
16802
14606
6809
2034
9829
13695
2470
1582
14192
6058
13942
797
13742
19878
11935
16708
14676
5379
11592
19335
17661
14049
12525
12971
523
3571
8971
13896
16741
230
2722
6699
18675
14314
14261
6044
5693
7244
10429
19868
14224
5532
13373
1327
17146
12123
15249
17258
11294
11127
6489
19634
18576
18452
17620
6595
13503
19964
603
1567
6503
5516
3328
18007
7063
12825
