100
2339008
2336788
2360095
2382026
2324055
2367547
2377029
2310020
2345659
2381057
2369201
2315723
2302301
2351559
2354883
2337623
2381436
2306881
2356145
2346449
2394968
2327704
2319458
2317346
2348338
2370865
2341899
2328538
2308844
2368961
2372049
2351704
2338403
2311524
2370615
2337238
2313713
2334297
2319519
2373372
2319428
2397658
2324310
2335911
2379725
2368359
2382219
2300905
2383263
2393113
2329136
2374910
2389907
2375000
2379416
2388931
2363674
2358600
2393905
2348193
2326111
2388070
2361528
2368167
2322567
2305019
2325851
2312977
2329456
2386240
2318263
2348824
2348503
2380881
2352456
2321087
2316275
2327766
2363873
2342983
2366759
2365875
2362111
2389782
2328416
2368602
2355217
2318997
2347719
2374558
2328282
2398151
2322458
2363043
2339980
2365008
2350583
2315587
2366161
2373666
